<?xml version="1.0"?>
<opencv_storage>
<camera_matrix type_id="opencv-matrix">
  <rows>3</rows>
  <cols>3</cols>
  <dt>d</dt>
  <data>
    1371.0218274711394 0. 960.00038038966193 0. 1371.0217964286653
    539.99998311524701 0. 0. 1.</data></camera_matrix>
<distortion_coefficients type_id="opencv-matrix">
  <rows>1</rows>
  <cols>5</cols>
  <dt>d</dt>
  <data>
    1.1510222278150345e-06 -6.1330970025108656e-06
    3.3627680792479544e-08 7.1940153528476012e-08 7.9830908683118489e-06</data></distortion_coefficients>
</opencv_storage>
