<?xml version="1.0"?>
<opencv_storage>
<camera_matrix type_id="opencv-matrix">
  <rows>3</rows>
  <cols>3</cols>
  <dt>d</dt>
  <data>
    1371.0217673688906 0. 960.00116580970348 0. 1371.0216658952941
    540.00001237178742 0. 0. 1.</data></camera_matrix>
<distortion_coefficients type_id="opencv-matrix">
  <rows>1</rows>
  <cols>5</cols>
  <dt>d</dt>
  <data>
    -8.1676017089633926e-07 1.2969986368231456e-05
    -1.6425171386720904e-08 3.0865887070089032e-07
    -4.6749651432322889e-05</data></distortion_coefficients>
</opencv_storage>
