<?xml version="1.0"?>
<opencv_storage>
<camera_matrix type_id="opencv-matrix">
  <rows>3</rows>
  <cols>3</cols>
  <dt>d</dt>
  <data>
    1371.0216958217061 0. 959.99503096928731 0. 1371.0230880369468
    540.00010377994556 0. 0. 1.</data></camera_matrix>
<distortion_coefficients type_id="opencv-matrix">
  <rows>1</rows>
  <cols>5</cols>
  <dt>d</dt>
  <data>
    -1.7852169179981786e-05 -0.00016873384583225459
    5.9724594662221398e-07 -2.3107502290382161e-07 0.0027658177408795572</data></distortion_coefficients>
</opencv_storage>
