<?xml version="1.0"?>
<opencv_storage>
<camera_matrix type_id="opencv-matrix">
  <rows>3</rows>
  <cols>3</cols>
  <dt>d</dt>
  <data>
    1371.02206102487 0. 960.0007563153373 0. 1371.0218545338541
    539.99999033473694 0. 0. 1.</data></camera_matrix>
<distortion_coefficients type_id="opencv-matrix">
  <rows>1</rows>
  <cols>5</cols>
  <dt>d</dt>
  <data>
    -1.3367503615775167e-06 2.1406735450490514e-05 1.345579719760888e-08
    1.476138079860566e-07 -8.6143543559823432e-05</data></distortion_coefficients>
</opencv_storage>
