<?xml version="1.0"?>
<opencv_storage>
<camera_matrix type_id="opencv-matrix">
  <rows>3</rows>
  <cols>3</cols>
  <dt>d</dt>
  <data>
    1371.0230090315551 0. 959.99872121966496 0. 1371.0226392926529
    539.99931512085857 0. 0. 1.</data></camera_matrix>
<distortion_coefficients type_id="opencv-matrix">
  <rows>1</rows>
  <cols>5</cols>
  <dt>d</dt>
  <data>
    2.455036868903877e-06 -0.0006604489944354152 6.2082569573914274e-07
    -1.5797579628004896e-07 0.013455059395533001</data></distortion_coefficients>
</opencv_storage>
