<?xml version="1.0"?>
<opencv_storage>
<camera_matrix type_id="opencv-matrix">
  <rows>3</rows>
  <cols>3</cols>
  <dt>d</dt>
  <data>
    1371.0220292782358 0. 959.99969508653555 0. 1371.0222384488559
    540.0000153408082 0. 0. 1.</data></camera_matrix>
<distortion_coefficients type_id="opencv-matrix">
  <rows>1</rows>
  <cols>5</cols>
  <dt>d</dt>
  <data>
    -1.3196342063641956e-06 7.2443418180976427e-06
    1.8105671741888621e-08 -6.7548680505465305e-08
    -9.6870528141096722e-06</data></distortion_coefficients>
</opencv_storage>
