<?xml version="1.0"?>
<opencv_storage>
<camera_matrix type_id="opencv-matrix">
  <rows>3</rows>
  <cols>3</cols>
  <dt>d</dt>
  <data>
    1371.021740602677 0. 960.00115144037898 0. 1371.0217129691437
    540.00002639785646 0. 0. 1.</data></camera_matrix>
<distortion_coefficients type_id="opencv-matrix">
  <rows>1</rows>
  <cols>5</cols>
  <dt>d</dt>
  <data>
    -1.0953340499816613e-06 6.6014417644716605e-06
    -1.014726741341851e-07 2.1247562971679052e-07
    -1.1989566900044806e-05</data></distortion_coefficients>
</opencv_storage>
