<?xml version="1.0"?>
<opencv_storage>
<camera_matrix type_id="opencv-matrix">
  <rows>3</rows>
  <cols>3</cols>
  <dt>d</dt>
  <data>
    1371.0217770245351 0. 960.00040419944605 0. 1371.0218855351181
    539.99999014616708 0. 0. 1.</data></camera_matrix>
<distortion_coefficients type_id="opencv-matrix">
  <rows>1</rows>
  <cols>5</cols>
  <dt>d</dt>
  <data>
    -2.1846799416592182e-06 2.5933341329355853e-05
    -1.7455031201864799e-08 8.3096453584861911e-08
    -9.6820896401525827e-05</data></distortion_coefficients>
</opencv_storage>
