<?xml version="1.0"?>
<opencv_storage>
<camera_matrix type_id="opencv-matrix">
  <rows>3</rows>
  <cols>3</cols>
  <dt>d</dt>
  <data>
    1371.0220465766752 0. 959.99980435163116 0. 1371.0221257433896
    539.99969960079432 0. 0. 1.</data></camera_matrix>
<distortion_coefficients type_id="opencv-matrix">
  <rows>1</rows>
  <cols>5</cols>
  <dt>d</dt>
  <data>
    2.3693660849496166e-06 -1.1413053971012627e-05
    -2.2315194137609397e-08 -1.0626189757004437e-07
    1.8259125562694132e-05</data></distortion_coefficients>
</opencv_storage>
