<?xml version="1.0"?>
<opencv_storage>
<camera_matrix type_id="opencv-matrix">
  <rows>3</rows>
  <cols>3</cols>
  <dt>d</dt>
  <data>
    1371.0210146727904 0. 960.00119639173874 0. 1371.0204172751396
    539.99999499350452 0. 0. 1.</data></camera_matrix>
<distortion_coefficients type_id="opencv-matrix">
  <rows>1</rows>
  <cols>5</cols>
  <dt>d</dt>
  <data>
    8.7537854877857572e-06 -0.00027266447907892051
    -4.7476935315427291e-07 5.4278715480002792e-07 0.0029429157196312343</data></distortion_coefficients>
</opencv_storage>
