<?xml version="1.0"?>
<opencv_storage>
<camera_matrix type_id="opencv-matrix">
  <rows>3</rows>
  <cols>3</cols>
  <dt>d</dt>
  <data>
    1371.021845778582 0. 959.99948905930057 0. 1371.0219412410136
    539.99995611634336 0. 0. 1.</data></camera_matrix>
<distortion_coefficients type_id="opencv-matrix">
  <rows>1</rows>
  <cols>5</cols>
  <dt>d</dt>
  <data>
    -7.9879880828033487e-07 2.2081839549166696e-06
    -6.4338812257748735e-08 -6.1449939630347561e-08
    -1.9051089303657628e-06</data></distortion_coefficients>
</opencv_storage>
