<?xml version="1.0"?>
<opencv_storage>
<camera_matrix type_id="opencv-matrix">
  <rows>3</rows>
  <cols>3</cols>
  <dt>d</dt>
  <data>
    1371.0221854535971 0. 959.9998224126781 0. 1371.0222085160194
    540.00000977858997 0. 0. 1.</data></camera_matrix>
<distortion_coefficients type_id="opencv-matrix">
  <rows>1</rows>
  <cols>5</cols>
  <dt>d</dt>
  <data>
    -9.0738361105625425e-07 1.0097225859140748e-05
    -2.7354651407597032e-08 -5.0811524419242139e-08
    -2.7000976202624659e-05</data></distortion_coefficients>
</opencv_storage>
