<?xml version="1.0"?>
<opencv_storage>
<camera_matrix type_id="opencv-matrix">
  <rows>3</rows>
  <cols>3</cols>
  <dt>d</dt>
  <data>
    1371.0218121654659 0. 959.99951744422913 0. 1371.0215623876798
    539.99993897937054 0. 0. 1.</data></camera_matrix>
<distortion_coefficients type_id="opencv-matrix">
  <rows>1</rows>
  <cols>5</cols>
  <dt>d</dt>
  <data>
    1.4023568796557148e-06 -5.1427267615815609e-06
    -1.0801332118817601e-08 -1.6352288831802632e-07
    6.251955119471068e-06</data></distortion_coefficients>
</opencv_storage>
