<?xml version="1.0"?>
<opencv_storage>
<camera_matrix type_id="opencv-matrix">
  <rows>3</rows>
  <cols>3</cols>
  <dt>d</dt>
  <data>
    1371.021932540227 0. 959.99993237865749 0. 1371.022026416683
    539.99999630599007 0. 0. 1.</data></camera_matrix>
<distortion_coefficients type_id="opencv-matrix">
  <rows>1</rows>
  <cols>5</cols>
  <dt>d</dt>
  <data>
    5.2487405879098675e-07 -1.9780789009422063e-06
    -1.516496995406596e-08 -1.3018927431467615e-08
    2.1052689010465505e-06</data></distortion_coefficients>
</opencv_storage>
