<?xml version="1.0"?>
<opencv_storage>
<camera_matrix type_id="opencv-matrix">
  <rows>3</rows>
  <cols>3</cols>
  <dt>d</dt>
  <data>
    1371.0218483148533 0. 959.9997885969168 0. 1371.0218239599851
    539.99999487950595 0. 0. 1.</data></camera_matrix>
<distortion_coefficients type_id="opencv-matrix">
  <rows>1</rows>
  <cols>5</cols>
  <dt>d</dt>
  <data>
    -1.0071191607160623e-06 3.8144184433024462e-06
    3.6340005822608102e-08 -4.9655324341765156e-08
    -4.9366447938330606e-07</data></distortion_coefficients>
</opencv_storage>
