<?xml version="1.0"?>
<opencv_storage>
<camera_matrix type_id="opencv-matrix">
  <rows>3</rows>
  <cols>3</cols>
  <dt>d</dt>
  <data>
    1371.0214857880753 0. 959.99973594588221 0. 1371.02183923852
    540.00066761473613 0. 0. 1.</data></camera_matrix>
<distortion_coefficients type_id="opencv-matrix">
  <rows>1</rows>
  <cols>5</cols>
  <dt>d</dt>
  <data>
    7.518383324619656e-07 -5.5548144544462126e-06 3.2224265406855163e-09
    -5.8441314274062918e-08 8.1961996795610964e-06</data></distortion_coefficients>
</opencv_storage>
