<?xml version="1.0"?>
<opencv_storage>
<camera_matrix type_id="opencv-matrix">
  <rows>3</rows>
  <cols>3</cols>
  <dt>d</dt>
  <data>
    1371.0213848872713 0. 959.99979031079124 0. 1371.0220382743448
    539.99998131497807 0. 0. 1.</data></camera_matrix>
<distortion_coefficients type_id="opencv-matrix">
  <rows>1</rows>
  <cols>5</cols>
  <dt>d</dt>
  <data>
    -5.401305418239996e-06 8.0671253919089287e-06 2.5294663190678832e-07
    -2.7387235123800224e-07 1.0280014975881065e-05</data></distortion_coefficients>
</opencv_storage>
