<?xml version="1.0"?>
<opencv_storage>
<camera_matrix type_id="opencv-matrix">
  <rows>3</rows>
  <cols>3</cols>
  <dt>d</dt>
  <data>
    1371.0219596492022 0. 959.99953561848599 0. 1371.022181830645
    540.00000071859574 0. 0. 1.</data></camera_matrix>
<distortion_coefficients type_id="opencv-matrix">
  <rows>1</rows>
  <cols>5</cols>
  <dt>d</dt>
  <data>
    5.5458248480406883e-07 -1.8381059718368671e-06
    5.2433112313716307e-08 -1.032559596378725e-07 2.0013853527837221e-06</data></distortion_coefficients>
</opencv_storage>
