<?xml version="1.0"?>
<opencv_storage>
<camera_matrix type_id="opencv-matrix">
  <rows>3</rows>
  <cols>3</cols>
  <dt>d</dt>
  <data>
    1371.0221673481731 0. 959.99946541839631 0. 1371.0231399219801
    540.00016445476501 0. 0. 1.</data></camera_matrix>
<distortion_coefficients type_id="opencv-matrix">
  <rows>1</rows>
  <cols>5</cols>
  <dt>d</dt>
  <data>
    2.7110568903623326e-06 -2.2285576673519989e-05
    3.3584608689650785e-08 -1.6836758511150402e-07
    5.3631657031450244e-05</data></distortion_coefficients>
</opencv_storage>
