<?xml version="1.0"?>
<opencv_storage>
<camera_matrix type_id="opencv-matrix">
  <rows>3</rows>
  <cols>3</cols>
  <dt>d</dt>
  <data>
    1371.0220086726413 0. 959.99893547307397 0. 1371.0221960623153
    539.99998168730224 0. 0. 1.</data></camera_matrix>
<distortion_coefficients type_id="opencv-matrix">
  <rows>1</rows>
  <cols>5</cols>
  <dt>d</dt>
  <data>
    -1.6297072604811415e-06 1.7009630878495118e-05
    -9.4045915454994775e-09 -2.2719241058859196e-07
    -4.4733779144512113e-05</data></distortion_coefficients>
</opencv_storage>
