<?xml version="1.0"?>
<opencv_storage>
<camera_matrix type_id="opencv-matrix">
  <rows>3</rows>
  <cols>3</cols>
  <dt>d</dt>
  <data>
    1371.0219271715755 0. 959.99947194843219 0. 1371.0224392396342
    540.00006858504742 0. 0. 1.</data></camera_matrix>
<distortion_coefficients type_id="opencv-matrix">
  <rows>1</rows>
  <cols>5</cols>
  <dt>d</dt>
  <data>
    -4.1702542075409007e-07 2.1901158075202907e-06
    2.1589894876614507e-08 -7.5946082533250615e-08
    -2.5405420565951772e-06</data></distortion_coefficients>
</opencv_storage>
