<?xml version="1.0"?>
<opencv_storage>
<camera_matrix type_id="opencv-matrix">
  <rows>3</rows>
  <cols>3</cols>
  <dt>d</dt>
  <data>
    1371.0219058601847 0. 959.9999790180575 0. 1371.0220939534343
    539.99998804639472 0. 0. 1.</data></camera_matrix>
<distortion_coefficients type_id="opencv-matrix">
  <rows>1</rows>
  <cols>5</cols>
  <dt>d</dt>
  <data>
    -9.174519184375557e-07 2.829912336319993e-06 8.5419652867858379e-09
    6.6896682631904715e-08 -3.3450057545359788e-06</data></distortion_coefficients>
</opencv_storage>
