<?xml version="1.0"?>
<opencv_storage>
<camera_matrix type_id="opencv-matrix">
  <rows>3</rows>
  <cols>3</cols>
  <dt>d</dt>
  <data>
    1371.0217285439408 0. 959.99882451547501 0. 1371.0216675355196
    540.00000621785648 0. 0. 1.</data></camera_matrix>
<distortion_coefficients type_id="opencv-matrix">
  <rows>1</rows>
  <cols>5</cols>
  <dt>d</dt>
  <data>
    -5.5958890970106356e-07 9.9516720712286912e-06
    -3.0285993516231732e-08 -2.8912154215939479e-07
    -3.2154711390537241e-05</data></distortion_coefficients>
</opencv_storage>
