<?xml version="1.0"?>
<opencv_storage>
<camera_matrix type_id="opencv-matrix">
  <rows>3</rows>
  <cols>3</cols>
  <dt>d</dt>
  <data>
    1371.0221641667283 0. 959.99881560721985 0. 1371.021678211669
    540.0000136432177 0. 0. 1.</data></camera_matrix>
<distortion_coefficients type_id="opencv-matrix">
  <rows>1</rows>
  <cols>5</cols>
  <dt>d</dt>
  <data>
    -7.7694692349209055e-07 6.1544910905066407e-06
    -1.7789581360653498e-08 -2.5734296802823983e-07
    -1.2082419669242732e-05</data></distortion_coefficients>
</opencv_storage>
