<?xml version="1.0"?>
<opencv_storage>
<camera_matrix type_id="opencv-matrix">
  <rows>3</rows>
  <cols>3</cols>
  <dt>d</dt>
  <data>
    1371.0218591985408 0. 960.00000098157466 0. 1371.0218206699192
    539.99998509438558 0. 0. 1.</data></camera_matrix>
<distortion_coefficients type_id="opencv-matrix">
  <rows>1</rows>
  <cols>5</cols>
  <dt>d</dt>
  <data>
    -9.3304994531153969e-07 3.2078402283125194e-06
    1.6509240247674597e-08 5.1623667393752969e-08
    -3.1178049684135213e-06</data></distortion_coefficients>
</opencv_storage>
