<?xml version="1.0"?>
<opencv_storage>
<camera_matrix type_id="opencv-matrix">
  <rows>3</rows>
  <cols>3</cols>
  <dt>d</dt>
  <data>
    1371.0219278252982 0. 960.00068893903563 0. 1371.021499176059
    539.99996466711025 0. 0. 1.</data></camera_matrix>
<distortion_coefficients type_id="opencv-matrix">
  <rows>1</rows>
  <cols>5</cols>
  <dt>d</dt>
  <data>
    5.1400935323774522e-07 -1.507968091986628e-06 6.8070700182074587e-08
    1.5102172467831393e-07 1.9380189873670582e-06</data></distortion_coefficients>
</opencv_storage>
