<?xml version="1.0"?>
<opencv_storage>
<camera_matrix type_id="opencv-matrix">
  <rows>3</rows>
  <cols>3</cols>
  <dt>d</dt>
  <data>
    1371.0218945355987 0. 960.00042133034526 0. 1371.0220095381383
    540.00000011277132 0. 0. 1.</data></camera_matrix>
<distortion_coefficients type_id="opencv-matrix">
  <rows>1</rows>
  <cols>5</cols>
  <dt>d</dt>
  <data>
    -2.1271540800246453e-07 1.1468344911741972e-06
    -3.2722313060507141e-08 7.7507256695041219e-08
    -1.4620054981077523e-06</data></distortion_coefficients>
</opencv_storage>
