<?xml version="1.0"?>
<opencv_storage>
<camera_matrix type_id="opencv-matrix">
  <rows>3</rows>
  <cols>3</cols>
  <dt>d</dt>
  <data>
    1371.0219749143041 0. 959.99904536910765 0. 1371.0220389731892
    539.99996767649736 0. 0. 1.</data></camera_matrix>
<distortion_coefficients type_id="opencv-matrix">
  <rows>1</rows>
  <cols>5</cols>
  <dt>d</dt>
  <data>
    2.0717712697174196e-07 5.7388510179229935e-07 2.7367849952072833e-08
    -1.6431282891340611e-07 -1.1035391269819858e-06</data></distortion_coefficients>
</opencv_storage>
