<?xml version="1.0"?>
<opencv_storage>
<camera_matrix type_id="opencv-matrix">
  <rows>3</rows>
  <cols>3</cols>
  <dt>d</dt>
  <data>
    1371.0217504885977 0. 959.99977802074386 0. 1371.0224716717121
    540.00069069759979 0. 0. 1.</data></camera_matrix>
<distortion_coefficients type_id="opencv-matrix">
  <rows>1</rows>
  <cols>5</cols>
  <dt>d</dt>
  <data>
    -9.8492029396748153e-06 8.7226211040191922e-05
    -3.4180260906833199e-07 -2.5574365149016377e-07
    -0.00024903154202683106</data></distortion_coefficients>
</opencv_storage>
