<?xml version="1.0"?>
<opencv_storage>
<camera_matrix type_id="opencv-matrix">
  <rows>3</rows>
  <cols>3</cols>
  <dt>d</dt>
  <data>
    1371.0219448740017 0. 959.99964922607444 0. 1371.02206328494
    539.99999751327005 0. 0. 1.</data></camera_matrix>
<distortion_coefficients type_id="opencv-matrix">
  <rows>1</rows>
  <cols>5</cols>
  <dt>d</dt>
  <data>
    2.4944372365857307e-06 -2.5756520412446229e-05
    -3.4050993124955941e-08 -8.5929566609958619e-08
    7.0269714945976784e-05</data></distortion_coefficients>
</opencv_storage>
