<?xml version="1.0"?>
<opencv_storage>
<camera_matrix type_id="opencv-matrix">
  <rows>3</rows>
  <cols>3</cols>
  <dt>d</dt>
  <data>
    1371.0219959673432 0. 959.99976869875093 0. 1371.022079655088
    539.99999693596294 0. 0. 1.</data></camera_matrix>
<distortion_coefficients type_id="opencv-matrix">
  <rows>1</rows>
  <cols>5</cols>
  <dt>d</dt>
  <data>
    -4.5682630522703526e-07 3.9758014597133904e-07
    1.1578028767088558e-08 -6.0073850581552108e-10 1.139282310852166e-07</data></distortion_coefficients>
</opencv_storage>
