<?xml version="1.0"?>
<opencv_storage>
<camera_matrix type_id="opencv-matrix">
  <rows>3</rows>
  <cols>3</cols>
  <dt>d</dt>
  <data>
    1371.0220816610492 0. 960.00070400701702 0. 1371.0221958398745
    539.99997537829086 0. 0. 1.</data></camera_matrix>
<distortion_coefficients type_id="opencv-matrix">
  <rows>1</rows>
  <cols>5</cols>
  <dt>d</dt>
  <data>
    3.7395383978464954e-07 -3.685016709733186e-06 3.2327267433195219e-09
    1.8751264999464301e-07 8.5363431270494813e-06</data></distortion_coefficients>
</opencv_storage>
