<?xml version="1.0"?>
<opencv_storage>
<camera_matrix type_id="opencv-matrix">
  <rows>3</rows>
  <cols>3</cols>
  <dt>d</dt>
  <data>
    1371.0219480557992 0. 959.99963735418135 0. 1371.0223493832993
    539.99999441469083 0. 0. 1.</data></camera_matrix>
<distortion_coefficients type_id="opencv-matrix">
  <rows>1</rows>
  <cols>5</cols>
  <dt>d</dt>
  <data>
    -4.3351636155648245e-07 3.7737997364988453e-06
    -3.8766746660424268e-08 -1.2336373942516482e-07
    -5.3651921082571809e-06</data></distortion_coefficients>
</opencv_storage>
