<?xml version="1.0"?>
<opencv_storage>
<camera_matrix type_id="opencv-matrix">
  <rows>3</rows>
  <cols>3</cols>
  <dt>d</dt>
  <data>
    1371.0218172904149 0. 960.00005912121287 0. 1371.0219458184984
    539.99999623928363 0. 0. 1.</data></camera_matrix>
<distortion_coefficients type_id="opencv-matrix">
  <rows>1</rows>
  <cols>5</cols>
  <dt>d</dt>
  <data>
    -2.191694380167215e-06 -3.1483971894293689e-07 1.711753270383222e-07
    4.5489590835875817e-08 3.0997358415086145e-05</data></distortion_coefficients>
</opencv_storage>
