<?xml version="1.0"?>
<opencv_storage>
<camera_matrix type_id="opencv-matrix">
  <rows>3</rows>
  <cols>3</cols>
  <dt>d</dt>
  <data>
    1371.0221635826288 0. 960.0001306164047 0. 1371.0219706686205
    540.000055097109 0. 0. 1.</data></camera_matrix>
<distortion_coefficients type_id="opencv-matrix">
  <rows>1</rows>
  <cols>5</cols>
  <dt>d</dt>
  <data>
    -2.5617454848871685e-06 3.6563068848770387e-06
    6.3708899735116166e-07 1.5132211028170774e-07
    -6.5723927143660237e-06</data></distortion_coefficients>
</opencv_storage>
